Txn Date,Description,Debit,Credit,Balance
2024-01-15,Salary Credit,,50000,50000
2024-01-16,Rent Payment,15000,,35000
2024-01-17,Grocery Shopping,2500,,32500
2024-01-18,Freelance Payment,,8000,40500
2024-01-19,Fuel Expense,2000,,38500
2024-01-20,Bank Transfer,10000,,28500
2024-01-21,Online Purchase,3500,,25000
2024-01-22,Investment Return,,12000,37000
2024-01-23,Medical Bill,4500,,32500
2024-01-24,ATM Withdrawal,3000,,29500
